<?xml version="1.0" encoding="UTF-8" standalone="no"?>
<!-- Created with Inkscape (http://www.inkscape.org/) -->

<svg
   width="135.44687mm"
   height="78.149391mm"
   viewBox="0 0 135.44687 78.149391"
   version="1.1"
   id="svg5"
   xml:space="preserve"
   xmlns:inkscape="http://www.inkscape.org/namespaces/inkscape"
   xmlns:sodipodi="http://sodipodi.sourceforge.net/DTD/sodipodi-0.dtd"
   xmlns="http://www.w3.org/2000/svg"
   xmlns:svg="http://www.w3.org/2000/svg"><sodipodi:namedview
     id="namedview7"
     pagecolor="#ffffff"
     bordercolor="#666666"
     borderopacity="1.0"
     inkscape:showpageshadow="2"
     inkscape:pageopacity="0.0"
     inkscape:pagecheckerboard="0"
     inkscape:deskcolor="#d1d1d1"
     inkscape:document-units="mm"
     showgrid="false" /><defs
     id="defs2" /><g
     inkscape:label="Layer 1"
     inkscape:groupmode="layer"
     id="layer1"
     transform="translate(-35.771573,-107.03861)"><path
       style="fill:none;stroke:#000000;stroke-width:1"
       d="m 116.14639,181.29271 c -5.66435,-0.27988 -11.20757,-1.70332 -16.12641,-4.55445 -5.421102,-3.53664 -11.774626,-2.08861 -17.788379,-2.01701 -9.153207,0.78668 -17.313008,-3.9392 -25.596699,-6.93275 -2.066772,-0.32994 -3.996972,-3.349 -6.312656,-4.25439 -2.674658,-3.29924 -6.96353,-5.85861 -7.505727,-10.60309 -2.554408,-4.40023 1.932026,-8.72379 5.609391,-10.66625 4.802605,-2.64245 10.392801,-3.12864 15.635776,-4.44955 7.759418,-0.8709 15.516176,-1.76629 23.31864,-2.38673 4.922386,-0.46872 9.553091,-3.47432 10.97942,-8.40553 2.871584,-6.38461 6.362514,-13.73268 13.503874,-16.12227 5.82826,1.01451 -0.44028,8.05762 0.2047,11.92405 -0.73996,5.32702 -3.13921,12.49073 2.35227,16.14269 3.78844,1.89223 8.30317,2.42562 12.54597,2.43924 4.03346,0.9455 6.79748,-9.16837 8.87046,-4.4214 -1.40597,7.01716 7.85746,2.87935 10.92683,1.0637 4.55316,-4.23711 7.09413,-10.27637 11.66534,-14.57053 1.86567,-4.70309 9.19739,-3.90335 5.41523,1.76548 -1.81143,5.21474 -6.01262,9.87698 -6.15658,15.46869 1.15878,4.32974 4.85695,7.47774 6.1496,11.58762 -2.35981,4.89285 -8.66395,-1.8532 -11.82796,-3.14577 -4.71914,-2.46375 -7.85223,4.71011 -12.14265,6.12314 -6.16723,3.26551 -12.53845,6.10305 -19.31254,7.79372 -3.28436,1.94337 -9.6016,3.36153 -10.46579,6.74148 3.59015,2.93179 7.45237,5.63833 12.24428,6.02696 5.72807,-0.10972 3.48031,6.37929 -1.28153,5.39898 -1.63159,0.13804 -3.27086,0.0825 -4.90486,0.054 z m -5.98125,-15.88897 c -0.30969,-0.25827 -0.1293,0.22953 0,0 z m 0.57464,-0.40261 c -0.22113,-0.35969 -0.22117,0.35968 0,0 z m 0.43337,-0.0553 c -0.30969,-0.25828 -0.1293,0.22953 0,0 z m -22.630116,9.69668 0.731891,9.1e-4 z m 6.572565,-0.11599 c 0.120619,-0.34729 0.205702,0.35466 0,0 z"
       id="path302" /></g></svg>
